Accuracy: 0.8704061692336786
Precision: 0.8772158577534035
Recall: 0.8704061692336786
F1-Score: 0.8462526584425968
