Accuracy: 0.8466621840263916
Precision: 0.8427034388841628
Recall: 0.8466621840263916
F1-Score: 0.8393102253363118
