Accuracy: 0.9099151208819242
Precision: 0.9074137865743277
Recall: 0.9099151208819242
F1-Score: 0.9071484297232597
AUC-ROC: 0.9957926355759018
Log Loss: 0.3052696335512668
Classification Report: {'0': {'precision': 0.9377636470602961, 'recall': 1.0, 'f1-score': 0.9678823818198261, 'support': 74917.0}, '2': {'precision': 0.9780542572913131, 'recall': 1.0, 'f1-score': 0.9889053889053889, 'support': 74917.0}, '3': {'precision': 0.9999733045021957, 'recall': 1.0, 'f1-score': 0.999986652072933, 'support': 74917.0}, '4': {'precision': 0.9948344089448384, 'recall': 1.0, 'f1-score': 0.9974105163656697, 'support': 74917.0}, '5': {'precision': 1.0, 'recall': 1.0, 'f1-score': 1.0, 'support': 74917.0}, '6': {'precision': 0.7740572281999932, 'recall': 0.6087937317297809, 'f1-score': 0.6815502207876628, 'support': 74917.0}, '7': {'precision': 0.7397570931814745, 'recall': 0.7837473470640842, 'f1-score': 0.7611171243575369, 'support': 74917.0}, '8': {'precision': 0.7554774413828729, 'recall': 0.800392434293952, 'f1-score': 0.7772866327906254, 'support': 74917.0}, '9': {'precision': 0.7455097772318316, 'recall': 0.5994767542747307, 'f1-score': 0.6645654377436945, 'support': 74917.0}, '12': {'precision': 0.9818999187396786, 'recall': 1.0, 'f1-score': 0.9908673081374202, 'support': 74917.0}, '13': {'precision': 1.0, 'recall': 1.0, 'f1-score': 1.0, 'support': 74917.0}, '14': {'precision': 0.8349494208291839, 'recall': 0.8505412656673386, 'f1-score': 0.8426732260816092, 'support': 74917.0}, '15': {'precision': 0.8874713894412968, 'recall': 0.9471281551583752, 'f1-score': 0.9163298250145283, 'support': 74917.0}, '16': {'precision': 0.9487487969201155, 'recall': 1.0, 'f1-score': 0.9737004568465243, 'support': 74917.0}, '17': {'precision': 0.8775358118738097, 'recall': 0.9902425350721465, 'f1-score': 0.9304886614489264, 'support': 74917.0}, '18': {'precision': 1.0, 'recall': 1.0, 'f1-score': 1.0, 'support': 74917.0}, '19': {'precision': 1.0, 'recall': 1.0, 'f1-score': 1.0, 'support': 74917.0}, '20': {'precision': 0.8774156627389984, 'recall': 0.7981499526142264, 'f1-score': 0.8359079026463311, 'support': 74917.0}, 'accuracy': 0.9099151208819242, 'macro avg': {'precision': 0.9074137865743277, 'recall': 0.9099151208819242, 'f1-score': 0.9071484297232598, 'support': 1348506.0}, 'weighted avg': {'precision': 0.9074137865743277, 'recall': 0.9099151208819242, 'f1-score': 0.9071484297232597, 'support': 1348506.0}}
Confusion Matrix: [[74917, 0, 0, 0, 0, 0, 0, 0, 0, 0, 0, 0, 0, 0, 0, 0, 0, 0], [0, 74917, 0, 0, 0, 0, 0, 0, 0, 0, 0, 0, 0, 0, 0, 0, 0, 0], [0, 0, 74917, 0, 0, 0, 0, 0, 0, 0, 0, 0, 0, 0, 0, 0, 0, 0], [0, 0, 0, 74917, 0, 0, 0, 0, 0, 0, 0, 0, 0, 0, 0, 0, 0, 0], [0, 0, 0, 0, 74917, 0, 0, 0, 0, 0, 0, 0, 0, 0, 0, 0, 0, 0], [0, 953, 0, 0, 0, 45609, 4191, 2218, 13828, 428, 0, 0, 843, 1820, 5027, 0, 0, 0], [0, 0, 0, 0, 0, 1832, 58716, 9354, 1162, 309, 0, 0, 3421, 123, 0, 0, 0, 0], [0, 0, 0, 0, 0, 42, 11203, 59963, 67, 146, 0, 0, 3453, 43, 0, 0, 0, 0], [0, 728, 0, 0, 0, 11126, 3058, 6078, 44911, 498, 0, 0, 1280, 1912, 5326, 0, 0, 0], [0, 0, 0, 0, 0, 0, 0, 0, 0, 74917, 0, 0, 0, 0, 0, 0, 0, 0], [0, 0, 0, 0, 0, 0, 0, 0, 0, 0, 74917, 0, 0, 0, 0, 0, 0, 0], [2693, 0, 0, 150, 0, 0, 0, 0, 0, 0, 0, 63720, 0, 0, 0, 0, 0, 8354], [0, 0, 0, 0, 0, 0, 2203, 1758, 0, 0, 0, 0, 70956, 0, 0, 0, 0, 0], [0, 0, 0, 0, 0, 0, 0, 0, 0, 0, 0, 0, 0, 74917, 0, 0, 0, 0], [0, 0, 0, 0, 0, 313, 0, 0, 274, 0, 0, 0, 0, 144, 74186, 0, 0, 0], [0, 0, 0, 0, 0, 0, 0, 0, 0, 0, 0, 0, 0, 0, 0, 74917, 0, 0], [0, 0, 0, 0, 0, 0, 0, 0, 0, 0, 0, 0, 0, 0, 0, 0, 74917, 0], [2279, 0, 2, 239, 0, 0, 1, 0, 0, 0, 0, 12596, 0, 5, 0, 0, 0, 59795]]
