Accuracy: 0.7952764178100902
Precision: 0.8718913806410619
Recall: 0.7952764178100902
F1-Score: 0.8204711531585442
