Accuracy: 0.9099151208819242
Precision: 0.9074137865743277
Recall: 0.9099151208819242
F1-Score: 0.9071484297232597
