Accuracy: 0.8807967893089029
Precision: 0.8737659697100896
Recall: 0.8807967893089029
F1-Score: 0.8704538563154511
