Accuracy: 0.8779496123216575
Precision: 0.8728750683404165
Recall: 0.8779496123216575
F1-Score: 0.8635334314574987
