Accuracy: 0.8495127200027289
Precision: 0.8460788709110658
Recall: 0.8495127200027289
F1-Score: 0.8448225021596922
