Accuracy: 0.8803450232186758
Precision: 0.8731082755126882
Recall: 0.8803450232186758
F1-Score: 0.8689582785495431

