Accuracy: 0.8796516148011179
Precision: 0.8735638458610567
Recall: 0.8796516148011179
F1-Score: 0.8669157189621637
