Accuracy: 0.7588199449475741
Precision: 0.8720199216748135
Recall: 0.7588199449475741
F1-Score: 0.798143659709126
