Accuracy: 0.0014918787165640562
Precision: 2.2257021049368156e-06
Recall: 0.0014918787165640562
F1-Score: 4.444773147415047e-06
