Accuracy: 0.8670967199680611
Precision: 0.8678626835235125
Recall: 0.8670967199680611
F1-Score: 0.8667249358540716
